预测结果
25.841561532421824
26.036744541256716
34.506018371746805
24.895531868989206
28.42598707404911
30.561382369465477
8.586942617298458
30.72185619916466
20.556785743266126
28.646823455546333
12.612149020562105
25.264346501512993
16.773696216235955
29.680193790692638
21.822996831658735
29.248340354750965
20.395026255494372
33.38385417298575
26.67772934422434
29.951494979913367
18.938203090547198
34.50905162659705
35.48745147625489
14.89405822855125
28.455934352732243
25.630546305343223
21.025780328302886
16.179038576080185
28.69605142459308
24.092563783593054
13.390258381668286
23.449470940091985
20.799447622396713
31.89302230982804
12.28040098980735
36.22266954978727
10.863664704240287
24.365420675205527
11.440898575871845
7.136725882457629
12.857318103766794
27.56118054932419
34.729591558815486
26.3858942591093
11.989754206695041
9.797805399323941
17.608525202139305
31.377336865159815
24.351625540180173
30.204057315810587
11.90151257460058
26.516541589631238
23.122311539208443
35.13560229812443
28.260037174240498
17.783886379326617
20.27391900103743
22.7056067487159
22.71178335843447
25.998955258020334
8.484827561876772
22.696868925286054
25.762299674204456
23.347947041511034
29.958149810870403
28.726949681207152
25.734737031099087
29.42872473934425
21.738435309755708
10.072361841038411
22.75417401115819
13.26592331546206
26.783658075113333
27.956817443946218
24.164562037415912
24.06369326505592
14.015524997778263
14.858752523297262
25.75943981260276
